Abby Kelley Foster Charter Public (District),4450000,63,95.2,1.6,0,0,1.6,1.6Abington,10000,143,88.1,2.8,0,1.4,7.7,0Academy Of the Pacific Rim Charter Public (District),4120000,36,86.1,8.3,0,5.6,0,0Acton-Boxborough,6000000,526,95.1,2.9,0,0.2,1.7,0.2Adams-Cheshire,6030000,112,75.9,10.7,0,5.4,8,0Advanced Math and Science Academy Charter (District),4300000,67,92.5,1.5,0,0,6,0Agawam,50000,333,89.5,2.7,1.8,2.4,3.3,0.3Amesbury,70000,171,82.5,5.3,1.8,4.7,5.8,0Amesbury Academy Charter Public (District),4150000,17,64.7,29.4,0,5.9,0,0Amherst-Pelham,6050000,290,90.3,5.9,0.7,0.7,2.4,0Andover,90000,455,95.4,2.2,0.4,0.9,1.1,0Arlington,100000,319,92.2,5,0,0.3,2.5,0Ashburnham-Westminster,6100000,184,91.3,4.3,0,0.5,3.8,0Ashland,140000,182,87.9,4.4,0,3.3,4.4,0Assabet Valley Regional Vocational Technical,8010000,243,85.6,3.7,0,2.9,7.4,0.4Athol-Royalston,6150000,146,67.8,13,0.7,6.8,11.6,0Attleboro,160000,413,83.5,5.8,0.2,1.7,8.7,0Auburn,170000,188,94.1,2.7,0.5,1.6,1.1,0Avon,180000,46,84.8,6.5,2.2,2.2,4.3,0Ayer,190000,84,84.5,0,2.4,6,7.1,0Barnstable,200000,404,80.2,6.4,2.2,3.2,7.7,0.2Bedford,230000,188,93.6,3.2,0,1.6,1.6,0Belchertown,240000,208,89.4,4.3,0,2.9,2.9,0.5Bellingham,250000,198,84.3,4.5,1.5,1,8.6,0Belmont,260000,298,93,4.4,0.3,0.3,2,0Berkshire Arts and Technology Charter Public (District),4140000,12,83.3,0,0,8.3,8.3,0Berkshire Hills,6180000,149,95.3,4,0,0,0.7,0Berlin-Boylston,6200000,73,91.8,6.8,1.4,0,0,0Beverly,300000,305,85.9,5.9,0.3,0.7,7.2,0Billerica,310000,371,84.1,6.7,0.5,2.4,6.2,0Blackstone Valley Regional Vocational Technical,8050000,273,98.2,0.4,0,0,1.5,0Blackstone-Millville,6220000,116,89.7,1.7,0,3.4,5.2,0Blue Hills Regional Vocational Technical,8060000,198,93.4,2,0,0.5,4,0Boston,350000,4632,64.4,17,1.2,2.1,15.1,0.2Boston Collegiate Charter (District),4490000,28,71.4,10.7,0,0,17.9,0Boston Day and Evening Academy Charter (District),4240000,191,16.2,47.6,1.6,3.1,31.4,0Boston Preparatory Charter Public (District),4160000,15,86.7,0,0,0,13.3,0Bourne,360000,146,91.8,2.1,0.7,3.4,2.1,0Braintree,400000,393,95.2,3.6,0,0.3,1,0Bridgewater-Raynham,6250000,425,92.2,3.5,1.2,0,2.6,0.5Bristol County Agricultural,9100000,108,98.1,0,0,0,1.9,0Bristol-Plymouth Regional Vocational Technical,8100000,286,96.9,0.7,0,0.3,2.1,0Brockton,440000,1205,69.4,12,1.2,1.7,15.7,0.1Brookline,460000,446,89.5,7.4,0,0.4,2.7,0Burlington,480000,284,90.8,3.9,0,0.4,4.9,0Cambridge,490000,427,82.7,10.8,1.2,0.7,4.7,0Canton,500000,201,95.5,2,0,0,2,0.5Cape Cod Regional Vocational Technical,8150000,162,85.8,5.6,1.2,1.9,5.6,0Carver,520000,123,86.2,0,1.6,4.9,7.3,0Central Berkshire,6350000,172,87.2,1.7,0,2.9,8.1,0Chatham,550000,54,92.6,3.7,0,0,3.7,0Chelmsford,560000,412,93,3.4,1,1,1.7,0Chelsea,570000,372,54.6,17.2,3,2.7,22.6,0Chicopee,610000,679,69.7,8.4,1,4.7,16.2,0City On A Hill Charter Public (District),4370000,45,77.8,13.3,0,0,8.9,0Clinton,640000,140,84.3,5,0.7,3.6,5.7,0.7Codman Academy Charter Public (District),4380000,23,43.5,26.1,0,4.3,26.1,0Cohasset,650000,92,94.6,1.1,0,1.1,3.3,0Community Charter School of Cambridge (District),4360000,26,69.2,23.1,0,0,7.7,0Concord-Carlisle,6400000,307,96.7,2,0,0.3,1,0Danvers,710000,264,89,3,0,3.4,4.5,0Dartmouth,720000,295,93.9,3.7,0,0.3,2,0Dedham,730000,212,85.4,6.6,0.5,0.9,6.1,0.5Dennis-Yarmouth,6450000,221,84.6,5.4,0.9,1.8,7.2,0Dighton-Rehoboth,6500000,252,91.7,2.8,0,1.6,4,0Douglas,770000,115,90.4,1.7,0,0,7,0.9Dover-Sherborn,6550000,125,95.2,4.8,0,0,0,0Dracut,790000,312,87.5,4.2,1.3,2.9,4.2,0Dudley-Charlton Reg,6580000,291,90.7,3.4,0,1.7,4.1,0Duxbury,820000,217,98.2,0.5,0,0.5,0.9,0East Bridgewater,830000,143,89.5,2.1,0,1.4,7,0East Longmeadow,870000,253,93.3,4,0,0.8,2,0Easthampton,860000,125,74.4,11.2,1.6,6.4,6.4,0Easton,880000,287,93.4,1.7,0.3,2.1,2.4,0Edward M. Kennedy Academy for Health Careers (Horace Mann Charter School),4520000,46,100,0,0,0,0,0Essex Agricultural Technical,9130000,113,96.5,1.8,0,0,1.8,0Everett,930000,439,75.2,7.1,2.7,2.3,12.5,0.2Fairhaven,940000,154,81.2,5.8,0.6,0.6,11.7,0Fall River,950000,624,71,6.4,4,2.7,15.9,0Falmouth,960000,257,86.8,3.1,0,1.6,8.6,0Fitchburg,970000,446,71.5,11,1.6,2.9,12.3,0.7Four Rivers Charter Public (District),4130000,27,88.9,0,0,11.1,0,0Foxborough,990000,231,95.7,2.6,0,0.4,1.3,0Foxborough Regional Charter (District),4460000,27,100,0,0,0,0,0Framingham,1000000,562,81.1,10.1,1.4,0.9,6.2,0.2Francis W. Parker Charter Essential (District),4780000,59,91.5,8.5,0,0,0,0Franklin,1010000,426,93,3.5,0,0.5,3.1,0Franklin County Regional Vocational Technical,8180000,112,92.9,2.7,1.8,0,2.7,0Freetown-Lakeville,6650000,213,92.5,0.9,0,1.4,5.2,0Frontier,6700000,114,89.5,3.5,0,1.8,5.3,0Gardner,1030000,217,75.6,10.1,1.8,1.4,10.1,0.9Gateway,6720000,74,85.1,4.1,1.4,6.8,2.7,0Georgetown,1050000,101,90.1,6.9,0,1,2,0Gill-Montague,6740000,73,67.1,12.3,1.4,2.7,16.4,0Global Learning Charter Public (District),4960000,12,83.3,0,8.3,0,8.3,0Gloucester,1070000,300,86.3,6.7,0,0.7,6.3,0Grafton,1100000,182,85.7,6.6,0,0.5,7.1,0Granby,1110000,100,91,6,1,1,1,0Greater Fall River Regional Vocational Technical,8210000,322,95.7,0.9,0.9,0.3,2.2,0Greater Lawrence Regional Vocational Technical,8230000,256,82.4,8.2,1.6,0.4,7,0.4Greater Lowell Regional Vocational Technical,8280000,468,92.1,2.6,1.9,0.4,3,0Greater New Bedford Regional Vocational Technical,8250000,487,94.9,2.5,0.4,0.2,1.4,0.6Greenfield,1140000,111,76.6,7.2,4.5,2.7,9,0Groton-Dunstable,6730000,229,98.3,0.9,0,0,0.9,0Hadley,1170000,45,97.8,0,0,0,2.2,0Hamilton-Wenham,6750000,168,96.4,2.4,1.2,0,0,0Hampden-Wilbraham,6800000,316,92.1,2.8,0,0.6,3.5,0.9Hampshire,6830000,138,89.9,2.9,0,2.2,5.1,0Hanover,1220000,157,96.2,3.8,0,0,0,0Harvard,1250000,112,94.6,2.7,0,0,2.7,0Harwich,1260000,92,84.8,3.3,0,2.2,9.8,0Hatfield,1270000,25,80,4,0,0,16,0Haverhill,1280000,484,67.1,12.8,1.2,3.3,15.5,0Hingham,1310000,250,94,2.8,0,0.8,2.4,0Holbrook,1330000,71,77.5,11.3,1.4,4.2,4.2,1.4Holliston,1360000,223,96.9,2.2,0,0,0.9,0Holyoke,1370000,491,49.5,15.3,4.5,3.1,26.9,0.8Hopedale,1380000,78,88.5,2.6,0,2.6,6.4,0Hopkinton,1390000,258,98.8,0.8,0,0,0.4,0Hudson,1410000,268,85.8,7.5,0,0.7,6,0Hull,1420000,95,85.3,5.3,0,3.2,6.3,0Innovation Academy Charter (District),4350000,41,75.6,14.6,0,2.4,7.3,0Ipswich,1440000,161,93.8,1.9,0,2.5,1.9,0King Philip,6900000,340,86.5,4.7,0.3,3.2,5.3,0Lawrence,1490000,905,52.3,14.8,4.9,4.3,23.8,0Lee,1500000,93,88.2,2.2,0,2.2,7.5,0Leicester,1510000,135,90.4,3,0,3.7,3,0Lenox,1520000,66,95.5,1.5,0,1.5,1.5,0Leominster,1530000,395,90.6,2.8,0,2,4.6,0Lexington,1550000,505,92.9,4.4,0.2,0.4,2,0.2Lincoln-Sudbury,6950000,386,97.7,2.3,0,0,0,0Littleton,1580000,98,96.9,0,0,0,3.1,0Longmeadow,1590000,250,96,1.6,0,0.4,2,0Lowell,1600000,833,69.6,13.4,2.2,1.9,12.6,0.2Lowell Middlesex Academy Charter (District),4580000,74,13.5,31.1,0,16.2,37.8,1.4Ludlow,1610000,225,88.4,7.6,0.9,0,3.1,0Lunenburg,1620000,131,90.1,3.8,0.8,1.5,3.8,0Lynn,1630000,1097,68.6,9.8,3.8,3.3,14.4,0.1Lynnfield,1640000,179,97.2,1.7,0,0,1.1,0Ma Academy for Math and Science,4680000,48,100,0,0,0,0,0Malden,1650000,511,74.6,11.5,0.6,2.3,11,0Manchester Essex Regional,6980000,114,95.6,1.8,0.9,0,1.8,0Mansfield,1670000,376,95.7,2.1,0,0.3,1.9,0Marblehead,1680000,260,96.9,1.9,0,0.4,0.8,0Marlborough,1700000,267,84.3,8.6,0.7,0.4,6,0Marshfield,1710000,324,90.7,6.2,0.3,0.3,2.5,0Martha's Vineyard Charter (District),4660000,10,80,10,0,0,10,0Marthas Vineyard,7000000,174,92.5,2.3,1.1,0.6,3.4,0Masconomet,7050000,338,99.1,0.9,0,0,0,0Mashpee,1720000,153,77.8,5.9,0.7,6.5,9.2,0MATCH Charter Public School (District),4690000,43,65.1,30.2,0,0,4.7,0Maynard,1740000,89,84.3,9,0,2.2,4.5,0Medfield,1750000,238,97.9,0.8,0,0,1.3,0Medford,1760000,378,79.9,9.5,0.8,2.1,7.7,0Medway,1770000,215,96.7,2.3,0,0,0.9,0Melrose,1780000,241,90.9,5.4,0.4,0,3.3,0Mendon-Upton,7100000,199,93,4,0,1.5,1,0.5Methuen,1810000,479,80.6,7.1,1.7,3.3,7.3,0Middleborough,1820000,214,93.5,2.8,0,0.9,1.4,1.4Milford,1850000,319,85.3,6,0.6,1.9,6,0.3Millbury,1860000,174,94.3,0,0.6,2.3,2.9,0Millis,1870000,96,93.8,4.2,0,1,1,0Milton,1890000,265,93.6,3.4,0,0.8,2.3,0Minuteman Regional Vocational Technical,8300000,152,87.5,6.6,0,0.7,4.6,0.7Mohawk Trail,7170000,88,76.1,5.7,0,5.7,11.4,1.1Monson,1910000,121,86,6.6,0,3.3,4.1,0Montachusett Regional Vocational Technical,8320000,298,95.6,2.7,0,0.3,1,0.3Mount Greylock,7150000,80,93.8,2.5,0,1.3,2.5,0Mystic Valley Regional Charter (District),4700000,73,95.9,2.7,0,0,1.4,0Nantucket,1970000,101,87.1,5.9,0,1,5.9,0Narragansett,7200000,105,89.5,2.9,0,1.9,4.8,1Nashoba,7250000,226,93.8,3.5,0,0.9,1.8,0Nashoba Valley Regional Vocational Technical,8520000,147,96.6,2.7,0,0,0.7,0Natick,1980000,335,92.5,4.5,0.3,0.9,1.8,0Nauset,6600000,259,90.3,5,1.2,1.2,2.3,0Needham,1990000,327,96.6,2.1,0,0.3,0.9,0New Bedford,2010000,730,56.4,16.3,5.8,2.3,19.2,0New Leadership Charter (District),4710000,63,66.7,7.9,0,1.6,22.2,1.6Newburyport,2040000,189,93.7,1.1,0,0.5,3.7,1.1Newton,2070000,912,95.5,3.5,0,0.2,0.8,0Norfolk County Agricultural,9150000,105,99,0,0,0,1,0North Adams,2090000,120,73.3,6.7,0.8,4.2,15,0North Andover,2110000,314,94.3,2.9,1.3,0,1.6,0North Attleborough,2120000,315,88.3,4.8,0.3,1.3,5.4,0North Brookfield,2150000,54,88.9,1.9,0,1.9,7.4,0North Central Charter Essential (District),4740000,44,65.9,9.1,0,11.4,11.4,2.3North Middlesex,7350000,301,91,4.7,0,2,2.3,0North Reading,2170000,184,91.8,6,0,1.6,0.5,0North Shore Regional Vocational Technical,8540000,109,97.2,2.8,0,0,0,0Northampton,2100000,259,89.2,1.9,0.8,2.3,5.4,0.4Northampton-Smith Vocational Agricultural,4060000,105,81.9,4.8,1.9,3.8,7.6,0Northboro-Southboro,7300000,359,95,3.3,0,0.8,0.8,0Northbridge,2140000,174,78.2,4,0.6,2.9,14.4,0Northeast Metropolitan Regional Vocational Technical,8530000,289,94.5,3.1,0.7,0,1,0.7Northern Berkshire Regional Vocational Technical,8510000,125,96.8,0,0,0.8,2.4,0Norton,2180000,184,90.2,3.3,0.5,1.6,4.3,0Norwell,2190000,161,97.5,2.5,0,0,0,0Norwood,2200000,274,88.7,7.3,0,0,4,0Old Colony Regional Vocational Technical,8550000,132,97,0,0.8,0,2.3,0Old Rochester,7400000,195,92.8,2.6,2.6,1,1,0Oxford,2260000,143,78.3,8.4,0.7,5.6,7,0Palmer,2270000,120,70.8,6.7,0.8,5,16.7,0Pathfinder Regional Vocational Technical,8600000,138,86.2,6.5,2.9,1.4,2.9,0Peabody,2290000,504,80.8,8.9,0.2,2.6,7.5,0Pembroke,2310000,244,95.1,2,0.8,0.8,1.2,0Pentucket,7450000,229,91.3,3.5,0,2.2,3.1,0Phoenix Charter Academy (District),4930000,71,12.7,28.2,1.4,5.6,50.7,1.4Pioneer Valley,7500000,74,81.1,9.5,0,1.4,8.1,0Pioneer Valley Performing Arts Charter Public (District),4790000,70,80,7.1,2.9,5.7,2.9,1.4Pittsfield,2360000,529,74.1,7.4,0.8,5.7,12.1,0Plymouth,2390000,650,88,2.6,0.2,2.5,6.8,0Prospect Hill Academy Charter (District),4870000,60,81.7,5,1.7,0,11.7,0Provincetown,2420000,16,87.5,0,0,0,12.5,0Quabbin,7530000,248,89.1,3.2,0,2.8,4.8,0Quaboag Regional,7780000,105,81.9,2.9,0,2.9,12.4,0Quincy,2430000,767,85.8,4.8,0.4,1.3,7.4,0.3Ralph C Mahar,7550000,169,62.1,17.8,0,8.3,11.2,0.6Randolph,2440000,225,69.3,14.7,3.6,3.1,9.3,0Reading,2460000,295,95.9,2.4,0,0,1.7,0Revere,2480000,411,70.6,13.1,0.5,2.9,12.4,0.5Rockland,2510000,160,83.8,3.8,0.6,1.3,10.6,0Rockport,2520000,81,90.1,2.5,1.2,3.7,2.5,0Sabis International Charter (District),4410000,141,90.8,5.7,0,2.8,0.7,0Salem,2580000,329,80.5,7.9,4,1.5,6.1,0Salem Academy Charter (District),4850000,31,87.1,6.5,3.2,0,3.2,0Sandwich,2610000,233,94,2.1,0.4,1.3,2.1,0Saugus,2620000,223,79.4,6.7,0.4,4.9,8.5,0Scituate,2640000,194,90.2,6.7,0,1,2.1,0Seekonk,2650000,152,94.1,2,0,0.7,3.3,0Sharon,2660000,284,96.5,3.2,0,0,0.4,0Shawsheen Valley Regional Vocational Technical,8710000,328,97.6,0.6,0,0.9,0.9,0Shrewsbury,2710000,440,90.5,4.3,0.7,2.3,2.3,0Silver Lake,7600000,288,96.9,0.7,0.3,0.3,1.7,0Somerset,2730000,228,96.5,0,0.9,0.4,2.2,0Somerville,2740000,371,78.4,7,1.1,1.9,11.6,0South Hadley,2780000,173,86.1,5.2,0.6,1.7,6.4,0South Middlesex Regional Vocational Technical,8290000,159,84.3,8.8,0,1.9,5,0South Shore Charter Public (District),4880000,32,87.5,12.5,0,0,0,0South Shore Regional Vocational Technical,8730000,129,91.5,5.4,0,0,3.1,0Southbridge,2770000,116,69,5.2,2.6,4.3,19,0Southeastern Regional Vocational Technical,8720000,295,89.2,5.8,0.3,0,4.7,0Southern Berkshire,7650000,64,78.1,6.3,0,6.3,9.4,0Southern Worcester County Regional Vocational Technical,8760000,250,93.6,2.8,0,0.8,2.8,0Southwick-Tolland,7660000,135,90.4,1.5,0.7,1.5,5.9,0Spencer-E Brookfield,7670000,114,83.3,8.8,0,2.6,5.3,0Springfield,2810000,1817,52.1,13,6.8,2.3,25.7,0.1Stoneham,2840000,185,88.6,3.8,0.5,3.2,3.8,0Stoughton,2850000,301,82.7,8.6,1.3,1,6.3,0Sturgis Charter Public (District),4890000,81,95.1,3.7,0,0,1.2,0Sutton,2900000,105,94.3,0,0,1.9,3.8,0Swampscott,2910000,161,96.3,2.5,0.6,0,0.6,0Swansea,2920000,145,91.7,1.4,0,0.7,5.5,0.7Tantasqua,7700000,306,89.2,5.6,0.3,2,2.6,0.3Taunton,2930000,476,81.9,3.2,2.3,0.6,12,0Tewksbury,2950000,247,86.2,4.9,0,1.6,7.3,0Tri County Regional Vocational Technical,8780000,206,90.8,5.8,0,0.5,2.9,0Triton,7730000,217,84.8,5.1,0,1.8,8.3,0Tyngsborough,3010000,125,94.4,1.6,0,0,4,0Upper Cape Cod Regional Vocational Technical,8790000,158,96.8,0,0,0.6,2.5,0Uxbridge,3040000,104,79.8,7.7,0,4.8,7.7,0Wachusett,7750000,500,92.6,2.8,0,1.6,2.8,0.2Wakefield,3050000,231,93.1,2.2,0,1.7,3,0Walpole,3070000,288,95.1,2.4,0,0.3,2.1,0Waltham,3080000,393,78.4,5.3,1.5,1.5,13.2,0Ware,3090000,79,69.6,11.4,0,5.1,13.9,0Wareham,3100000,242,79.3,8.3,0.4,2.1,9.9,0Watertown,3140000,183,84.7,9.3,1.1,0.5,3.8,0.5Wayland,3150000,239,96.2,2.1,0,0,1.7,0Webster,3160000,134,73.9,6.7,1.5,3.7,14.2,0Wellesley,3170000,297,97,1.7,0,0.3,1,0West Boylston,3220000,72,90.3,4.2,4.2,1.4,0,0West Bridgewater,3230000,90,97.8,1.1,0,0,1.1,0West Springfield,3320000,365,77.5,7.1,0.5,2.2,12.1,0.5Westborough,3210000,287,96.9,1.7,0.3,0.3,0.7,0Westfield,3250000,530,83.8,4.5,1.3,2.1,8.3,0Westford,3260000,397,97.2,0.8,0.5,0.3,1.3,0Weston,3300000,185,94.1,3.2,1.1,1.1,0.5,0Westport,3310000,141,76.6,7.8,0,4.3,11.3,0Westwood,3350000,214,95.8,3.7,0,0,0.5,0Weymouth,3360000,546,81.7,9.7,0,1.8,6.8,0Whitman-Hanson,7800000,311,89.7,5.5,0,0.6,4.2,0Whittier Regional Vocational Technical,8850000,299,98.3,0,0,1.3,0.3,0Wilmington,3420000,266,92.1,3,0.4,1.5,3,0Winchendon,3430000,106,74.5,6.6,0,2.8,16,0Winchester,3440000,277,94.6,4.3,0,0.4,0.7,0Winthrop,3460000,149,88.6,2.7,0,1.3,7.4,0Woburn,3470000,384,85.7,4.2,1.8,2.6,5.7,0Worcester,3480000,1853,72,9.8,2.9,4.2,10.5,0.5State Total,0,74307,83.4,6.6,1,1.7,7.2,0.1